%%%%%%%%%%
%h..%.e..%
%.%g%.%%.%
%.%...f%d%
%.i%P%  .%
%j  a..b.%
%.%%%% %.%
%k.l   %c%
%%%%%%%%%%
36
599




%%%%%%%%%%%%%%%%%%%%%%%%%%%%%%
%      P......a%......e..h...%
%   %%%%%.%%%%%%.%..% %.%%  .%
%   %m % ....%  .%..% %..%  g%
%n.... %    .b...%d.  % .%%%%%
%%%%%.%%%% %%% .%%%%%%% ....i%
%o..........   ..c    % %%% .%
%%.%%%%%%%%.%%%%%%%%%%% %....%
%..     %  .........    %.%%%%
%.      %%%%%.    %k......   %
%p% %%%    % .%   %% %%.%%%%%%
%          % l%        .....j%
%%%%%%%%%%%%%%%%%%%%%%%%%%%%%%%
[3, 3, 3, 3, 3, 3, 3, 2, 2, 2, 2, 2, 1, 1, 3, 3, 3, 1, 3, 3, 3, 1, 1, 3, 3, 2, 2, 0, 0, 3, 0, 0, 0, 3, 3, 1, 1, 1, 3, 0, 0, 0, 3, 3, 3, 3, 3, 3, 3, 3, 3, 1, 1, 0, 0, 2, 2, 2, 2, 2, 1, 1, 3, 1, 1, 3, 3, 3, 3, 1, 1, 2, 2, 2, 1, 1, 2, 2, 1, 1, 3, 3, 3, 3, 3, 2, 2, 2, 2, 2, 0, 0, 2, 2, 2, 2, 0, 2, 2, 2, 2, 2, 2, 1, 1, 1, 0, 0, 0, 2, 2, 0, 0, 2, 2, 2, 2, 2, 2, 0, 0, 0, 1, 2, 2, 2, 2, 3, 3, 3, 3, 1, 1, 2, 2, 2, 2, 3, 1, 1, 2, 1, 1]
143
16206003
